Config File for solar system

order of values:
    name
    is it a moon    
    size       
    spin direction   
    spin speed 
    orbit direction   
    orbit speed
    radius of orbit
    axial tilt
    orbital tilt
//////////////
space
0
200.0
0
0.0
0
0.0
0.0
0.0
0.0
//////////////
sun
0
3.91
1
0.00015
0
0.0
0.0
0.0
0.0
//////////////
mercury
0
0.04879
1
0.001
1
0.00087969
12.0
0.0
0.0
//////////////
venus
0
0.12104
-1
0.0005
1
0.0002247
18.0
2.64
0.0
//////////////
earth
0
0.12742
1
0.0014
1
0.000365
24.0
23.45
0.0
//////////////
moon
1
0.03474
1
0.0049
1
0.0049
0.35
18.45
18.45
//////////////
mars
0
0.06779
1
0.00146
1
0.00068698
30.0
25.19
0.0
//////////////
phobos
1
0.005
1
0.007
1
0.007
0.1
25.19
25.19
//////////////
deimos
1
0.0025
1
0.003
1
0.003
0.3
25.19
25.19
//////////////
jupiter
0
1.39822
1
0.005
1
0.00003247
36.0
3.13
0.0
//////////////
io
1
0.03637
1
0.007
1
0.003
2.0
0.0
3.13
//////////////
europa
1
0.03121
1
0.007
1
0.0015
2.5
0.0
3.13
//////////////
ganymede
1
0.05262
1
0.007
1
0.0008
3.0
0.0
3.13
//////////////
callisto
1
0.04820
1
0.007
1
0.0004
3.5
0.0
3.13
//////////////
saturn
0
1.16464
1
0.0048
1
0.00008065
42.0
26.73
0.0
//////////////
mimas
1
0.003964
1
0.007
1
0.0033
2.0
26.73
26.73
//////////////
enceladus
1
0.005042
1
0.007
1
0.003
2.25
26.73
26.73
//////////////
tethys
1
0.01062
1
0.007
1
0.0028
2.5
26.73
26.73
//////////////
dione
1
0.01123
1
0.007
1
0.0018
2.75
26.73
26.73
//////////////
rhea
1
0.01527
1
0.007
1
0.001
3.0
26.73
26.73
//////////////
titan
1
0.05149
1
0.007
1
0.0004
3.25
0.0
26.73
//////////////
iapetus
1
0.01469
1
0.007
1
0.0001
3.5
0.0
26.73
//////////////
uranus
0
0.50724
-1
0.0034
1
0.000023
48.0
97.77
0.0
//////////////
miranda
1
0.00472
1
0.007
-1
0.0033
1.0
0.0
97.77
//////////////
ariel
1
0.01158
1
0.007
-1
0.0018
1.25
0.0
97.77
//////////////
umbriel
1
0.01169
1
0.002
-1
0.001
1.5
0.0
97.77
//////////////
titania
1
0.01577
1
0.005
-1
0.0006
1.75
0.0
97.77
//////////////
oberon
1
0.01523
1
0.004
-1
0.0004
2.0
0.0
97.77
//////////////
neptune
0
0.49244
1
0.0038
1
0.00004511
54.0
28.32
0.0
//////////////
triton
1
0.02705
-1
0.004
-1
0.0013
2.0
0.0
28.32
//////////////
pluto
0
0.02376
1
0.0015
1
0.00006781
60.0
122.53
0.0
//////////////
charon
1
0.01212
-1
0.0015
1
0.0015
0.1
45.0
135.0
